[default]
segment_len = 5
num_folds = 10
num_models = 2
batch_size = 24
log_freq = 1000
num_classes = 1000
num_epochs = 5
features_dim = 1152
learning_rate = 0.00011729283760398037
weight_decay = 0.0011412688966608406
lr_factor = 0.1
lr_patience = 3
lr_minimum = 3e-7
lr_threshold = 1e-3

